12.963
16.454
13.585
18.788
14.807
15.711
16.062
15.990
17.545
14.266
10.112
16.877
13.188
13.646
12.179
12.293
13.414
17.304
15.490
14.592
8.428
12.201
14.460
13.088
12.828
15.143
10.714
8.163
18.441
18.143
23.163
10.998
17.549
13.086
18.254
16.510
16.484
15.467
16.886
16.616
16.134
10.783
13.932
14.357
8.948
17.500
14.415
17.945
15.509
15.591
13.829
16.051
18.424
12.555
16.172
21.233
17.666
17.938
16.671
19.924
14.575
23.694
13.871
19.015
14.621
20.789
15.110
13.126
15.032
14.319
13.263
9.985
17.523
17.931
14.495
16.787
12.415
11.603
15.372
14.658
12.617
11.997
17.479
13.227
16.938
13.434
18.749
15.502
11.586
15.430
18.243
15.434
17.446
19.696
17.060
13.275
15.599
14.271
16.357
19.111
9.853
15.776
14.440
13.630
19.571
18.270
16.530
12.647
17.650
16.132
15.359
13.865
9.530
19.546
17.807
12.967
17.613
18.717
19.684
10.321
19.818
6.762
17.177
13.279
14.347
17.623
13.135
17.666
19.381
24.586
16.851
10.405
16.314
17.053
17.369
16.857
17.842
14.455
18.198
12.904
11.785
19.666
15.704
15.478
14.002
19.682
17.408
19.982
22.100
15.215
14.455
13.143
17.908
16.601
10.321
19.753
15.859
16.546
20.065
11.003
17.964
12.738
20.070
14.621
19.718
14.970
16.019
17.039
15.190
20.277
18.814
21.282
14.849
13.393
15.359
15.841
20.509
13.581
18.186
20.912
20.657
17.091
9.793
15.578
18.960
17.471
12.633
17.745
15.995
14.371
13.146
19.584
18.643
19.587
15.846
21.835
17.656
14.502
14.379
14.402
16.333
20.214
17.121
17.531
15.520
17.143
16.973
20.006
17.055
18.564
17.041
18.543
14.030
11.255
17.543
19.177
19.894
13.731
13.386
19.410
15.024
16.157
20.180
16.560
16.111
14.339
17.180
14.485
19.855
19.100
13.588
16.989
14.676
19.425
17.534
18.128
17.739
17.269
15.531
15.213
17.870
13.655
16.840
13.084
18.932
18.446
23.508
22.757
20.372
12.203
17.529
22.546
13.172
20.785
18.519
14.925
15.752
16.041
12.855
16.249
18.888
19.938
16.286
20.079
16.186
22.294
16.024
14.818
18.534
13.992
24.199
20.871
22.179
15.139
20.191
17.334
18.528
25.427
10.694
22.857
10.992
20.998
22.426
20.439
14.508
14.521
17.538
16.864
19.292
23.855
19.546
16.353
19.048
21.016
18.107
18.985
18.005
15.289
17.815
10.851
18.308
14.846
14.282
13.007
19.044
17.106
16.635
18.232
12.160
19.696
23.846
12.940
16.245
13.196
15.724
13.896
17.027
18.437
20.796
14.726
15.804
17.972
14.344
20.183
21.226
14.632
19.152
17.513
17.316
17.074
22.902
13.512
18.854
14.674
18.603
14.826
17.870
13.718
18.486
22.680
19.721
19.499
21.262
19.120
14.233
19.940
17.034
19.394
18.348
12.780
18.399
16.493
17.435
18.445
20.289
15.627
15.242
19.352
15.687
17.103
19.081
15.719
26.110
16.297
20.952
21.967
20.788
14.673
21.950
15.968
22.790
19.223
18.837
22.294
16.205
17.995
17.287
15.763
21.743
17.442
16.672
21.898
21.472
19.864
16.266
20.185
19.121
22.415
19.382
20.516
20.614
18.533
16.225
18.993
21.979
18.167
12.709
16.458
18.424
16.901
18.372
19.553
17.018
15.041
18.096
21.409
16.383
21.120
16.626
17.099
19.151
18.376
22.755
18.622
19.683
18.282
20.342
16.283
22.529
20.835
16.884
21.683
22.562
20.249
15.253
20.964
19.096
18.010
18.447
17.875
22.174
23.066
23.591
19.357
18.008
14.516
20.557
15.984
19.133
20.390
11.300
16.488
19.352
20.815
20.096
17.162
24.783
14.762
20.356
24.987
18.502
19.642
20.219
18.852
20.086
15.259
27.624
15.688
21.631
17.977
19.908
18.278
18.828
16.552
14.303
23.297
15.809
16.961
16.989
22.340
23.222
19.877
20.262
18.294
14.679
21.498
17.736
25.680
18.891
17.999
18.219
23.125
24.742
23.154
17.176
21.995
18.046
19.435
18.154
21.112
18.380
16.862
19.533
19.331
22.585
22.730
18.696
20.063
21.890
21.331
